00000000000000000010000000000000
00000000000000000101000000000000
00000000000000001000000000000000
00000000000000001000000000000000
00000000000000001000000000000000
00000000000000011100000000000000
00000000000000111110000000000000
00000000000001111111000000000000
00000000000011111111100000000000
00000000000111111111110000000000
00000000001111111111110000000000
00000001111111111111111100000000
01111111111111111111111111111110
00000001000000000000000001000000
00000000100010000000001001000000
00000000100111000000011100100000
00000000100010000000001000100000
00000000100000011110000001000000
00000000100000011100000010000000
00000000010000011000000100000000
00000000001000110111000001000000
00000000000100100000110000000000
00000000000010100000111011100000
00000000000001111111000111000000
00000000000000001110000000000000
